Train:
0.09635
[(0.14409790761942362, 0.06162417693736282), (0.14353806346180034, 0.6253337288638386), (0.06875543951261967, 0.039778449144008056), (0.0, 0.0), (0.08014571948998178, 0.007531667237247518), (0.8571428571428571, 0.0011068068622025456), (0.03369800503129936, 0.09733017911456573), (0.0625, 0.00047885075818036713), (0.04626599226420708, 0.05315330712698684), (0.10454545454545454, 0.0038661959993276183)]
[[ 365   31  612   96   36  437  155   53  600  148]
 [2957 4216 1963 1661 3919 2241 4775 2440 2159 3041]
 [  42 1803  237  575   32  259   22   64  352   61]
 [   0    0    1    0    1    0    0    5    0    2]
 [   9    5    4  114   44  157   14  128   43   31]
 [   0    0    1    0    0    6    0    0    0    0]
 [2143  443 1938 3057  967 1920  576 2490 2303 1256]
 [   1    2    1    7    2    9    0    3   20    3]
 [ 405  233 1176  597  829  349  358 1080  311 1384]
 [   1    9   25   24   12   43   18    2   63   23]]
c:\Users\RmT\Desktop\FER\8. semestar\Duboko učenje 1\Laboratorijske vježbe\Lab1\data.py:128: RuntimeWarning: invalid value encountered in longlong_scalars
  recall_i = tp_i / (tp_i + fn_i)
Test:
0.1035
[(0.17616580310880828, 0.06938775510204082), (0.15034821794346578, 0.6466960352422908), (0.08736059479553904, 0.045542635658914726), (0.0, 0.0), (0.06097560975609756, 0.0050916496945010185), (nan, 0.0), (0.041442048517520216, 0.12839248434237996), (0.0, 0.0), (0.051094890510948905, 0.057494866529774126), (0.05128205128205128, 0.0019821605550049554)]
[[ 68   2  91   7   9  71  25  12  78  23]
 [492 734 346 275 674 352 742 382 377 508]
 [  4 278  47  85   5  34   2  18  63   2]
 [  0   0   0   0   0   0   0   3   0   0]
 [  2   0   0  25   5  19   3  19   5   4]
 [  0   0   0   0   0   0   0   0   0   0]
 [352  71 362 541 142 357 123 416 382 222]
 [  1   0   1   0   1   1   0   0   2   0]
 [ 60  49 179  74 144  53  56 177  56 248]
 [  1   1   6   3   2   5   7   1  11   2]]